[app/ui]
version = 5.0.2
modtime = 1372111215.216333000

[app/launcher]
version = 5.0.2
modtime = 1372111215.248359000
