[inputs/udp%3A%2F%2F514]
version = 6.3.4
modtime = 1463620531.412874000

[eventtypes/thor_events]
version = 6.3.4
modtime = 1462538415.521736000

[tags/eventtype%3Dthor_events]
version = 6.3.4
modtime = 1462538415.563046000
