[app/install/install_source_checksum]
version = 6.3.0
modtime = 1443753883.920431000

[views/system_performance]
version = 6.3.0
modtime = 1447122318.433828000

[nav/default]
version = 6.3.0
modtime = 1447121351.980442000

[views/clicks_vs_keys]
version = 6.3.0
modtime = 1447126488.905361000
