[app/ui]
version = 6.2.1
modtime = 1422124205.131413000

[app/launcher]
version = 6.2.1
modtime = 1422124205.143481000

[app/package/check_for_updates]
version = 6.2.1
modtime = 1422124205.152097000

[lookups/vendor_action.csv]
version = 6.2.1
modtime = 1422242257.738691000
