[app/ui]
version = 4.3.1
modtime = 1335493487.536525000

[app/launcher]
version = 4.3.1
modtime = 1335493487.538616000
