[app/ui]
version = 5.0.4
modtime = 1377477266.275447000

[app/launcher]
version = 5.0.4
modtime = 1377477266.277492000
