[app/ui]
version = 6.0.1
modtime = 1402280457.094325000

[app/launcher]
version = 6.0.1
modtime = 1402280457.095173000

[views/home]
version = 6.0.1
modtime = 1402288130.333544000

[views/drilldown]
version = 6.0.1
modtime = 1402291504.804839000
