[app/ui]
version = 4.3.4
modtime = 1351812548.543127000

[app/launcher]
version = 4.3.4
modtime = 1351812548.549323000
